78,18,57,52,59,14,87,53,15,28,94
55,88,31,49,93,59,53,13,46,57,86,43,15,18,78,94,52,27,14
33,19,35,67,62,21,47
49,93,59,53,13,64,46,57,15,94,27,96,69
47,31,57,86,78,14,37
21,99,28,39,66,31,82,23,47
68,86,43,15,18,78,75,94,27,14,61,37,69,28,26,82,19
15,53,87,37,61,96,57,27,26,68,43,94,69,18,13,86,64
55,88,31,93,75,52,27
75,94,52,27,33,28,82,67,39,62,23
53,57,86,15,18,75,27,37,96,28,26
93,24,21,82,62,66,99
55,31,49,13,46,68,86,15,75,94,14
24,99,12,21,47,49,93,13,64,46,68,57,43,15,18
14,37,69,33,87,26,77,39,97,24,99
15,86,68,87,13
94,55,18,12,46,84,68,31,49
64,46,57,43,15,18,78,75,94,52,27,14,61,96,33,28,87,26,19
54,78,39,94,97,14,52,62,79
99,66,12,21,74,55,47,84,93,59,13,68,57,43,15,18,78
37,33,87,26,19,79,35,77,67,24,99,66,12,21,74
14,96,69,28,87,26,82,79,77,39,62,97,23,99,12
84,93,13,68,86,18,78,37,33
49,84,93,53,13,64,68,57,43,15,18,78,75,94,27,14,61,96,69
49,84,53,64,46,68,57,86,43,15,18,78,75,94,52,27,37,96,69
12,74,53,18,75
46,14,37,15,75,61,59,52,43,47,13,27,78,94,49,57,84
46,68,57,86,43,15,18,78,75,94,27,14,61,96,69,28,87,26,82,19,79
61,37,96,69,33,28,87,26,82,19,79,35,77,67,54,39,62,97,23,24,99,12,21
26,82,79,35,12,47,84
55,93,86,59,84
93,28,52,43,86,78,61,57,13,68,75,18,15,64,53
74,55,47,49,59,13,64,68,57,86,18,94,52
59,21,86,99,18,57,49,74,12,66,84,31,24,68,46
82,28,13,78,52,14,33,86,46
68,57,86,94,27,37,96,87,35
57,46,84,94,75,15,47,64,12,53,59
66,33,74,35,88,69,12,19,79,28,87,54,99
77,82,35,99,24,31,62,93,21,39,67,79,54,19,66,23,97
12,67,23,39,47,62,66,99,88,21,24,74,64,59,53
39,19,62,87,77,35,14,26,28,96,99,23,61,24,66,27,97,67,69,33,54,79,82
13,64,46,43,15,18,94,27,14,61,37,96,69,33,28,87,82
19,62,47,49,84
47,23,53,46,31,93,54,64,67
18,93,21,57,15,84,68,64,86,46,88,13,24,12,53
33,87,82,79,67,39,24,66,47
94,75,82,33,37,27,61,86,69,43,13,15,68
79,77,28,57,26,87,69,19,96,82,18,52,61
94,52,27,14,61,37,96,69,33,28,87,26,82,19,79,35,77,54,39,97,23
66,31,24,84,47,68,74
88,31,49,84,93,59,53,64,86,43,15,18,78,75,94,52,27,14,61
78,86,93,94,46,61,75,47,64,88,52,27,59,18,31,49,57,15,14,43,84,53,13
35,99,24,77,52,14,23,79,69,67,33,82,61,26,28
99,97,31,43,23,55,84
88,23,43,99,24,84,31,12,68,46,93,55,15,21,47,66,57,64,59,53,74,49,13
19,79,35,77,67,54,62,97,23,24,99,66,12,21,74,55,88,47,31,93,59
31,93,59,46,68,43,18,78,94,14,61,37,96
19,54,62,23,99,12,21,55,49,93,59
37,26,75,78,86,64,18,94,82,33,68,87,52,43,57
14,33,87,77,67,54,62,24,12
79,55,97,54,21,74,28,35,96,26,62,67,82,66,87
78,75,94,52,27,14,37,96,69,33,87,82,19,79,35,77,67,54,39
62,97,66,74,31,84,93,59,86
86,75,94,61,28,35,67
53,64,78,94,96,28,26
59,53,64,86,18,27,37,96,87
77,67,54,62,97,23,99,12,21,74,88,47,84,93,59,53,64
13,64,46,57,86,43,15,78,75,94,52,27,14,61,37,96,69,33,87
74,55,88,47,93,59,53,64,46,68,57,86,43,15,78,94,52
99,66,12,21,55,88,47,31,49,84,93,59,53,13,64,46,68,57,86,15,78
68,57,94,52,27,96,69,33,28
62,97,23,74,47,57,86
23,24,99,66,12,21,74,55,47,31,49,84,59,53,13,64,57,86,15
86,43,15,18,75,37,96,33,26,19,79,35,67
12,74,88,47,49,84,53,46,86,18,94
67,54,62,97,23,12,21,88,31,84,93
53,43,78,18,84,75,57,52,94,21,47,68,93
87,78,96,86,35,82,94
97,74,54,28,77,88,19,67,24,62,69
47,43,66,97,21,99,53,46,74
31,74,49,39,99,88,77,79,54
23,24,99,66,12,21,74,88,47,31,49,93,53,64,57,86,43
77,62,21,49,93,13,64
18,99,86,15,59,78,47,21,64
86,75,94,27,37,96,33,28,26
77,67,39,62,97,23,24,99,66,12,21,74,55,88,47,31,49,84,93,59,53
54,62,99,66,12,21,74,47,49,84,93,13,68
31,78,53,18,15
94,52,61,37,96,69,28,19,77,67,54,62,24
37,96,69,33,28,87,26,82,19,79,35,77,54,39,62,97,23,24,99,66,12,21,74
84,59,53,13,64,46,68,86,15,18,78,75,94,27,14,61,37,96,33
33,28,87,26,19,79,35,67,54,39,99,66,47
55,13,64,57,43,18,27
43,78,75,94,14,61,37,69,33,26,35,67,54
57,86,43,15,18,78,75,52,27,14,61,37,96,69,33,28,87,26,82,19,79,35,77
43,15,18,78,75,94,52,27,14,61,37,96,69,33,28,87,26,79,35,77,54
67,77,54,84,21,62,49,66,35,31,88,79,26,74,97,82,24
79,28,37,74,54,35,21,82,87,12,19,67,23
69,33,26,19,79,35,67,97,23,21,74,55,88
87,96,61,67,19,12,28,35,26,24,97,37,82,99,66,69,62,23,21,33,54
15,18,78,75,94,52,27,14,61,37,96,69,33,26,82,19,35,77,67,54,39
26,79,77,67,23,47,31,49,84
19,66,62,79,35,69,28,33,67,24,37,23,14,27,77,61,99,96,54,82,87
26,82,61,77,87,37,69,54,79,67,27,18,75,14,43,52,94
87,18,19,33,78,94,69,35,75,27,14,79,43,37,54
59,13,64,18,78,75,94,52,27,14,61,37,96,69,87
86,18,78,94,14,61,37,77,67
97,12,61,33,26,77,28,24,66,37,39,21,69,54,35
61,33,62,96,52,94,82,18,79
67,23,21,74,55
47,23,26,88,82,28,87,66,67,99,55,21,19,54,79,39,31,24,97,12,74,62,35
12,31,84,53,57,86,94
18,52,28,94,93,86,53,68,13,64,27
24,99,66,12,21,55,88,47,31,49,84,93,59,53,13,64,46,68,57,86,43,15,18
88,47,31,49,84,93,59,13,68,57,86,43,18,78,75,52,27,14,61
79,77,67,54,62,23,99,66,74,55,88,31,84,59,53
61,43,33,18,52,28,13,15,64,78,57,96,27,94,87,59,37,69,53,46,86,14,68
31,49,84,59,53,13,64,46,68,57,86,43,15,18,78,75,94,52,27,14,61,37,96
68,57,78,94,96,26,19,79,35
96,33,28,87,26,19,79,35,77,54,39,62,97,23,24,99,66,12,21,74,55
55,64,15,75,59,66,78,74,68,46,47,88,18,12,84
59,13,15,18,78,94,69,28,87
86,46,66,12,99,13,47,68,15,93,88,43,59,24,21
12,47,93,43,21,53,88,55,59,31,13,74,49,94,15,18,46
97,37,52,67,39,99,69,14,87
62,46,39,64,12,99,59,13,66,23,54,88,74,84,24,21,47,97,53,31,67
77,67,54,62,24,12,21,55,49,84,93,13,64
69,28,87,19,35,77,67,39,62,97,23,24,99,66,74,55,88
35,77,67,54,39,62,97,23,24,99,12,74,55,88,47,49,84,93,59,53,13
37,96,69,26,54,62,97,23,24,99,74
14,93,15,68,13,46,57,27,59,52,64,75,84,43,86,18,47,78,37,49,94,31,61
93,59,53,13,64,46,68,57,86,43,78,75,94,27,14,61,37,96,69,33,28
67,84,54,19,99,49,62,77,93,66,47,97,74,79,12,35,23,59,21,31,39
23,24,74,88,59,64,86
74,55,88,47,31,49,84,93,59,13,64,46,68,57,86,43,15,18,78,75,94,52,27
69,26,75,94,86
93,55,78,47,15,74,52,21,31,64,18
23,24,99,66,12,21,74,55,88,47,49,84,59,53,13,64,46,68,57,86,15
97,67,55,96,74,87,82
35,67,54,39,62,23,24,99,66,12,88,47,49,93,53
39,97,23,24,66,12,74,55,88,47,31,49,84,93,59,53,13,64,46,68,57
74,55,88,31,49,93,59,13,64,46,68,57,86,43,15,18,78,75,27
24,66,12,74,55,47,31,84,53,64,46,68,86,15,18
15,14,93,27,75,43,53,28,13,69,18,33,57
68,15,78,52,96,69,33,28,35
64,86,18,94,52,27,28,26,19
18,78,75,94,52,27,14,61,37,96,69,33,28,87,82,19,79,35,67,54,62
77,24,88,47,31,59,64
47,93,59,53,13,46,57,86,43,15,78,52,27,61,37
26,82,19,79,62,23,24,66,21,74,88,47,31,49,84
52,68,27,18,78,94,28,43,87,75,86
55,47,31,53,78,75,14
46,57,86,43,15,94,52,27,14,61,37,28,87,19,79
96,69,33,28,87,26,82,19,79,35,77,67,54,39,62,97,23,24,99,66,21,74,55
28,79,35,24,66
53,86,18,33,14,78,96,37,46,69,27,57,64,52,43,13,28,61,59,93,68,15,94
43,15,18,78,75,94,52,14,61,37,96,69,33,28,26,19,35,77,54
62,33,87,37,69,67,26,74,12,39,28,35,23,97,19,79,24
79,35,62,23,21,88,93
87,82,19,35,54,62,97,24,66,12,88,31,49
53,64,46,68,57,86,15,18,75,61,37,96,28,87,26
43,15,18,78,94,27,14,96,28,87,82,19,79
66,12,21,74,55,88,31,49,84,93,59,53,13,64,46,68,57,86,43,15,18,78,75
87,62,88,35,47,24,28,26,66,33,23,99,67,39,97,79,19,74,77
31,52,49,78,59,57,21,84,86,18,15
15,18,78,75,94,52,27,14,61,37,96,69,33,28,87,82,19,79,35,77,67,54,39
64,93,13,84,49,43,86,47,74,12,68,59,23,21,15,88,57,66,24,99,55
77,67,54,97,99,12,21,55,88,49,84,59,53,13,64
35,67,54,97,23,66,12,21,74,55,88,47,31,49,84,93,59,53,13
43,33,37,77,54,96,18,94,75,52,14
26,79,67,39,97,23,66,12,21,74,55,88,47,49,84
62,93,64,86,46,21,47
67,54,39,62,97,23,24,99,66,74,88,47,49,93,59,53,13,64,46
31,93,68,75,94,14,96
94,14,61,96,33,28,87,82,19,79,35,77,67,39,97,23,24
99,66,12,21,74,55,88,47,31,49,84,93,59,13,64,46,57,86,43,18,78
37,96,33,82,39
79,35,77,97,99,66,47,31,53
49,84,93,53,13,64,46,68,57,86,43,18,78,94,52,27,61,37,69
18,78,94,14,37,96,33,26,77,54,62
74,55,88,49,59,13,64,46,86,43,18,75,94,52,27
93,59,53,46,68,18,78,14,96,33,28
75,94,61,69,33,28,87,77,67,54,23
97,47,24,31,68,12,54
13,46,68,86,43,15,18,75,94,52,27,37,33,28,87,26,82
35,87,26,33,96,18,78,15,61,54,69,39,67,94,75,77,82
78,94,52,14,28,82,79,77,54,39,97
77,62,49,59,53
87,82,77,67,54,62,66,12,21,74,55,47,49
68,57,43,78,75,94,52,27,37,33,28,87,26,82,19,79,35
12,31,84,47,24,66,13,93,67,97,21,35,55
86,43,15,75,52,37,96,33,28,87,26,82,79,77,67
14,61,37,96,69,33,87,26,82,67,54,39,62,23,99,66,12
47,31,49,84,93,59,53,13,64,46,68,57,86,43,15,18,78,75,94,27,14,61,37
62,24,99,66,12,21,74,55,88,47,31,49,84,93,59,53,13,64,68,57,86
39,79,69,77,75,82,78,15,18,37,61
39,21,28,54,77,82,88,74,87
69,33,28,87,26,82,19,79,35,67,54,39,62,97,23,24,99,66,12,21,74,55,88
86,43,15,18,78,75,94,52,14,61,96,69,33,28,87,26,82,19,35
66,12,47,49,84,59,53,13,64,15,75
46,68,57,86,43,15,18,78,75,94,52,27,14,61,37,96,69,33,28,87,26,82,79